service_id,monday,tuesday,wednesday,thursday,friday,saturday,sunday,start_date,end_date
19N-H50N000S-87-S,1,1,1,1,1,0,0,20191028,20200103
19N-H50N000S-87-SV,0,0,0,0,1,0,0,20191028,20200103
19N-H54N000S-02-S,1,1,1,1,1,0,0,20191028,20200103
19N-H56N000S-80-S,1,1,1,1,1,0,0,20191028,20200103
19N-H56N000S-80-SV,0,0,0,0,1,0,0,20191028,20200103
19N-H57N000S-02-S,1,1,1,1,1,0,0,20191028,20200103
19N-H58N000S-80-S,1,1,1,1,1,0,0,20191028,20200103
19N-H58N000S-80-SLMM,1,1,1,0,0,0,0,20191028,20200103
19N-H58N000S-80-SV,0,0,0,0,1,0,0,20191028,20200103
19N-H59N000S-00-S,1,1,1,1,1,0,0,20191028,20200103
19N-H59N000S-00-SV,0,0,0,0,1,0,0,20191028,20200103
19N-H60N000S-01-S,1,1,1,1,1,0,0,20191028,20200103
19N-H60N000S-01-SV,0,0,0,0,1,0,0,20191028,20200103
19N-H62N000S-00-S,1,1,1,1,1,0,0,20191028,20200103
19N-H62N000S-00-S260,1,0,1,1,0,0,0,20191028,20200103
19N-H62N000S-00-SLMJ,1,1,0,1,0,0,0,20191028,20200103
19N-H62N000S-00-SLMV,1,0,1,0,1,0,0,20191028,20200103
19N-H62N000S-00-SMJ,0,1,0,1,0,0,0,20191028,20200103
19N-H62N000S-00-SMMJ,0,1,1,1,0,0,0,20191028,20200103
19N-H62N000S-00-SMV,0,0,1,0,1,0,0,20191028,20200103
19N-GLOBAUX-01-S,1,1,1,1,1,0,0,20191028,20200103
19N-H50N000A-87-A,0,0,0,0,0,1,0,20191102,20200104
19N-H54N000A-01-A,0,0,0,0,0,1,0,20191102,20200104
19N-H56N000A-00-A,0,0,0,0,0,1,0,20191102,20200104
19N-H57N000A-02-A,0,0,0,0,0,1,0,20191102,20200104
19N-H58N000A-80-A,0,0,0,0,0,1,0,20191102,20200104
19N-H59N000A-00-A,0,0,0,0,0,1,0,20191102,20200104
19N-H60N000A-01-A,0,0,0,0,0,1,0,20191102,20200104
19N-H62N000A-00-A,0,0,0,0,0,1,0,20191102,20200104
19N-GLOBAUX-01-A,0,0,0,0,0,1,0,20191102,20200104
19N-H50N000I-87-I,0,0,0,0,0,0,1,20191103,20200105
19N-H54N000I-01-I,0,0,0,0,0,0,1,20191103,20200105
19N-H56N000I-00-I,0,0,0,0,0,0,1,20191103,20200105
19N-H57N000I-02-I,0,0,0,0,0,0,1,20191103,20200105
19N-H58N000I-80-I,0,0,0,0,0,0,1,20191103,20200105
19N-H59N000I-00-I,0,0,0,0,0,0,1,20191103,20200105
19N-H60N000I-01-I,0,0,0,0,0,0,1,20191103,20200105
19N-H62N000I-00-I,0,0,0,0,0,0,1,20191103,20200105
19N-GLOBAUX-00-I,0,0,0,0,0,0,1,20191103,20200105
19N-H50N100F-87-F1,0,0,1,0,0,0,0,20191225,20191225
19N-H54N100F-01-F1,0,0,1,0,0,0,0,20191225,20191225
19N-H56N100F-00-F1,0,0,1,0,0,0,0,20191225,20191225
19N-H57N100F-01-F1,0,0,1,0,0,0,0,20191225,20191225
19N-H58N100F-02-F1,0,0,1,0,0,0,0,20191225,20191225
19N-H59N100F-00-F1,0,0,1,0,0,0,0,20191225,20191225
19N-H60N100F-02-F1,0,0,1,0,0,0,0,20191225,20191225
19N-H62N100F-00-F1,0,0,1,0,0,0,0,20191225,20191225
19N-GLOBAUX-00-F1,0,0,1,0,0,0,0,20191225,20191225
19N-H50N200F-87-F2,0,0,0,1,0,0,0,20191226,20191226
19N-H54N200F-02-F2,0,0,0,1,0,0,0,20191226,20191226
19N-H56N200F-00-F2,0,0,0,1,0,0,0,20191226,20191226
19N-H57N200F-01-F2,0,0,0,1,0,0,0,20191226,20191226
19N-H58N200F-03-F2,0,0,0,1,0,0,0,20191226,20191226
19N-H59N200F-00-F2,0,0,0,1,0,0,0,20191226,20191226
19N-H60N200F-02-F2,0,0,0,1,0,0,0,20191226,20191226
19N-H62N200F-00-F2,0,0,0,1,0,0,0,20191226,20191226
19N-GLOBAUX-00-F2,0,0,0,1,0,0,0,20191226,20191226
19N-H50N300F-87-F3,0,0,1,0,0,0,0,20200101,20200101
19N-H54N300F-01-F3,0,0,1,0,0,0,0,20200101,20200101
19N-H56N300F-00-F3,0,0,1,0,0,0,0,20200101,20200101
19N-H57N300F-01-F3,0,0,1,0,0,0,0,20200101,20200101
19N-H58N300F-03-F3,0,0,1,0,0,0,0,20200101,20200101
19N-H59N300F-00-F3,0,0,1,0,0,0,0,20200101,20200101
19N-H60N300F-01-F3,0,0,1,0,0,0,0,20200101,20200101
19N-H62N300F-00-F3,0,0,1,0,0,0,0,20200101,20200101
19N-GLOBAUX-00-F3,0,0,1,0,0,0,0,20200101,20200101
19N-H50N400F-87-F4,0,0,0,1,0,0,0,20200102,20200102
19N-H54N400F-01-F4,0,0,0,1,0,0,0,20200102,20200102
19N-H56N400F-00-F4,0,0,0,1,0,0,0,20200102,20200102
19N-H57N400F-04-F4,0,0,0,1,0,0,0,20200102,20200102
19N-H58N400F-03-F4,0,0,0,1,0,0,0,20200102,20200102
19N-H59N400F-00-F4,0,0,0,1,0,0,0,20200102,20200102
19N-H60N400F-01-F4,0,0,0,1,0,0,0,20200102,20200102
19N-H62N400F-00-F4,0,0,0,1,0,0,0,20200102,20200102
19N-GLOBAUX-00-F4,0,0,0,1,0,0,0,20200102,20200102
20J-H50J000S-87-S,1,1,1,1,1,0,0,20200106,20200124
20J-H50J000S-87-SV,0,0,0,0,1,0,0,20200106,20200124
20J-H54J000S-83-S,1,1,1,1,1,0,0,20200106,20200124
20J-H55J000S-85-S,1,1,1,1,1,0,0,20200106,20200124
20J-H55J000S-85-SV,0,0,0,0,1,0,0,20200106,20200124
20J-H56J000S-84-S,1,1,1,1,1,0,0,20200106,20200124
20J-H56J000S-84-SV,0,0,0,0,1,0,0,20200106,20200124
20J-H57J000S-85-S,1,1,1,1,1,0,0,20200106,20200124
20J-H58J000S-82-S,1,1,1,1,1,0,0,20200106,20200124
20J-H59J000S-82-S,1,1,1,1,1,0,0,20200106,20200124
20J-H59J000S-82-SV,0,0,0,0,1,0,0,20200106,20200124
20J-H60J000S-87-S,1,1,1,1,1,0,0,20200106,20200124
20J-H62J000S-00-S,1,1,1,1,1,0,0,20200106,20200320
20J-H62J000S-00-S260,1,0,1,1,0,0,0,20200106,20200320
20J-H62J000S-00-SLMJ,1,1,0,1,0,0,0,20200106,20200320
20J-H62J000S-00-SLMV,1,0,1,0,1,0,0,20200106,20200320
20J-H62J000S-00-SMJ,0,1,0,1,0,0,0,20200106,20200320
20J-H62J000S-00-SMMJ,0,1,1,1,0,0,0,20200106,20200320
20J-H62J000S-00-SMV,0,0,1,0,1,0,0,20200106,20200320
20J-GLOBAUX-00-S,1,1,1,1,1,0,0,20200106,20200320
20J-H50J000A-05-A,0,0,0,0,0,1,0,20200111,20200125
20J-H54J000A-02-A,0,0,0,0,0,1,0,20200111,20200321
20J-H55J000A-02-A,0,0,0,0,0,1,0,20200111,20200321
20J-H56J000A-01-A,0,0,0,0,0,1,0,20200111,20200321
20J-H57J000A-04-A,0,0,0,0,0,1,0,20200111,20200321
20J-H58J000A-02-A,0,0,0,0,0,1,0,20200111,20200321
20J-H59J000A-00-A,0,0,0,0,0,1,0,20200111,20200321
20J-H60J000A-03-A,0,0,0,0,0,1,0,20200111,20200321
20J-H62J000A-00-A,0,0,0,0,0,1,0,20200111,20200321
20J-GLOBAUX-00-A,0,0,0,0,0,1,0,20200111,20200321
20J-H50J000I-01-I,0,0,0,0,0,0,1,20200112,20200126
20J-H54J000I-01-I,0,0,0,0,0,0,1,20200112,20200322
20J-H55J000I-02-I,0,0,0,0,0,0,1,20200112,20200322
20J-H56J000I-01-I,0,0,0,0,0,0,1,20200112,20200322
20J-H57J000I-01-I,0,0,0,0,0,0,1,20200112,20200322
20J-H58J000I-02-I,0,0,0,0,0,0,1,20200112,20200322
20J-H59J000I-01-I,0,0,0,0,0,0,1,20200112,20200322
20J-H60J000I-03-I,0,0,0,0,0,0,1,20200112,20200322
20J-H62J000I-00-I,0,0,0,0,0,0,1,20200112,20200322
20J-GLOBAUX-00-I,0,0,0,0,0,0,1,20200112,20200322
20J-H50J000S-89-S,1,1,1,1,1,0,0,20200127,20200320
20J-H50J000S-89-SV,0,0,0,0,1,0,0,20200127,20200320
20J-H54J000S-84-S,1,1,1,1,1,0,0,20200127,20200320
20J-H55J000S-86-S,1,1,1,1,1,0,0,20200127,20200320
20J-H55J000S-86-SV,0,0,0,0,1,0,0,20200127,20200320
20J-H56J000S-86-S,1,1,1,1,1,0,0,20200127,20200320
20J-H56J000S-86-SV,0,0,0,0,1,0,0,20200127,20200320
20J-H57J000S-86-S,1,1,1,1,1,0,0,20200127,20200320
20J-H58J000S-83-S,1,1,1,1,1,0,0,20200127,20200320
20J-H58J000S-83-SLMM,1,1,1,0,0,0,0,20200127,20200320
20J-H59J000S-83-S,1,1,1,1,1,0,0,20200127,20200320
20J-H59J000S-83-SV,0,0,0,0,1,0,0,20200127,20200320
20J-H60J000S-88-S,1,1,1,1,1,0,0,20200127,20200320
20J-H50J000A-07-A,0,0,0,0,0,1,0,20200201,20200321
20J-H50J000I-03-I,0,0,0,0,0,0,1,20200202,20200322
20J-H50JV00S-07-S,1,1,1,1,1,0,0,20200302,20200306
20J-H50JV00S-07-SV,0,0,0,0,1,0,0,20200302,20200306
20J-H54JV00S-00-S,1,1,1,1,1,0,0,20200302,20200306
20J-H55JV00S-00-S,1,1,1,1,1,0,0,20200302,20200306
20J-H55JV00S-00-SV,0,0,0,0,1,0,0,20200302,20200306
20J-H56JV00S-00-S,1,1,1,1,1,0,0,20200302,20200306
20J-H56JV00S-00-SV,0,0,0,0,1,0,0,20200302,20200306
20J-H57JV00S-86-S,1,1,1,1,1,0,0,20200302,20200306
20J-H58JV00S-06-S,1,1,1,1,1,0,0,20200302,20200306
20J-H58JV00S-06-SLMM,1,1,1,0,0,0,0,20200302,20200306
20J-H59JV00S-01-S,1,1,1,1,1,0,0,20200302,20200306
20J-H59JV00S-01-SV,0,0,0,0,1,0,0,20200302,20200306
20J-H60JV00S-90-S,1,1,1,1,1,0,0,20200302,20200306
20J-H62JV00S-00-S,1,1,1,1,1,0,0,20200302,20200306
20J-H62JV00S-00-S260,1,0,1,1,0,0,0,20200302,20200306
20J-H62JV00S-00-SLMJ,1,1,0,1,0,0,0,20200302,20200306
20J-H62JV00S-00-SLMV,1,0,1,0,1,0,0,20200302,20200306
20J-H62JV00S-00-SMJ,0,1,0,1,0,0,0,20200302,20200306
20J-H62JV00S-00-SMMJ,0,1,1,1,0,0,0,20200302,20200306
20J-H62JV00S-00-SMV,0,0,1,0,1,0,0,20200302,20200306
20J-GLOBVAUX-00-S,1,1,1,1,1,0,0,20200302,20200306
20J-H50JV00A-03-A,0,0,0,0,0,1,0,20200307,20200307
20J-H54JV00A-00-A,0,0,0,0,0,1,0,20200307,20200307
20J-H55JV00A-00-A,0,0,0,0,0,1,0,20200307,20200307
20J-H56JV00A-00-A,0,0,0,0,0,1,0,20200307,20200307
20J-H57JV00A-05-A,0,0,0,0,0,1,0,20200307,20200307
20J-H58JV00A-01-A,0,0,0,0,0,1,0,20200307,20200307
20J-H59JV00A-00-A,0,0,0,0,0,1,0,20200307,20200307
20J-H60JV00A-04-A,0,0,0,0,0,1,0,20200307,20200307
20J-H62JV00A-00-A,0,0,0,0,0,1,0,20200307,20200307
20J-GLOBVAUX-00-A,0,0,0,0,0,1,0,20200307,20200307
20J-H50JV00I-03-I,0,0,0,0,0,0,1,20200308,20200308
20J-H54JV00I-00-I,0,0,0,0,0,0,1,20200308,20200308
20J-H55JV00I-00-I,0,0,0,0,0,0,1,20200308,20200308
20J-H56JV00I-00-I,0,0,0,0,0,0,1,20200308,20200308
20J-H57JV00I-02-I,0,0,0,0,0,0,1,20200308,20200308
20J-H58JV00I-01-I,0,0,0,0,0,0,1,20200308,20200308
20J-H59JV00I-00-I,0,0,0,0,0,0,1,20200308,20200308
20J-H60JV00I-04-I,0,0,0,0,0,0,1,20200308,20200308
20J-H62JV00I-00-I,0,0,0,0,0,0,1,20200308,20200308
20J-GLOBVAUX-00-I,0,0,0,0,0,0,1,20200308,20200308
